32
77 3 1
62 80 1
68 6 1
37 64 1
55 37 1
9 1 1
64 49 1
37 39 1
53 46 1
6 35 1
52 6 1
57 90 1
3 64 1
31 96 1
39 49 1
35 34 1
85 62 1
37 6 1
62 6 1
41 51 1
26 85 1
26 8 1
68 40 1
31 82 1
85 31 1
3 51 1
46 82 1
34 96 1
77 37 1
13 62 1
57 1 1
64 39 1
83 49 1
55 80 1
31 9 1
62 37 1
79 13 1
77 39 1
85 68 1
77 49 1
9 22 1
13 80 1
13 40 1
26 64 1
35 53 1
38 6 1
53 83 1
51 37 1
46 31 1
26 34 1
80 38 1
77 31 1
96 90 1
80 40 1
8 80 1
46 13 1
64 28 1
52 47 1
22 96 1
68 85 1
13 6 1
47 57 1
47 52 1
34 79 1
22 62 1
52 46 1
46 1 1
57 38 1
57 55 1
40 13 1
45 82 1
39 68 1
38 3 1
49 77 1
52 96 1
1 52 1
8 41 1
90 49 1
20 37 1
34 95 1
9 47 1
46 34 1
45 96 1
77 40 1
8 38 1
40 45 1
41 49 1
96 49 1
83 20 1
53 83 1
20 6 1
95 22 1
26 40 1
26 41 1
26 51 1
46 55 1
77 62 1
95 55 1
31 49 1
3 18 1
9 34 1
96 13 1
45 80 1
64 57 1
8 47 1
49 31 1
52 55 1
83 85 1
90 38 1
53 38 1
83 55 1
38 28 1
22 37 1
55 90 1
20 38 1
9 1 1
38 13 1
49 96 1
62 95 1
45 96 1
38 35 1
64 13 1
31 6 1
83 80 1
45 20 1
18 39 1
34 46 1
26 18 1
55 68 1
40 20 1
46 82 1
77 28 1
40 85 1
22 34 1
31 68 1
18 28 1
77 39 1
9 13 1
90 77 1
6 82 1
55 68 1
53 6 1
90 82 1
49 77 1
64 96 1
13 34 1
85 80 1
35 20 1
49 9 1
38 28 1
1 6 1
39 40 1
26 82 1
68 90 1
62 18 1
90 82 1
37 77 1
3 96 1
55 22 1
6 68 1
82 47 1
8 90 1
26 83 1
34 35 1
37 28 1
46 52 1
8 90 1
20 96 1
77 51 1
57 22 1
22 96 1
62 26 1
46 51 1
95 80 1
38 68 1
38 47 1
26 57 1
79 37 1
55 6 1
45 62 1
40 95 1
62 34 1
68 85 1
18 34 1
1 18 1
83 28 1
9 53 1
3 55 1
55 38 1
95 62 1
62 31 1
26 37 1
6 85 1
40 35 1
8 90 1
6 1 1
35 1 1
47 37 1
40 31 1
38 68 1
49 41 1
95 68 1
57 80 1
52 85 1
28 46 1
85 90 1
52 83 1
8 49 1
64 22 1
8 47 1
41 68 1
53 45 1
85 1 1
57 39 1
53 82 1
38 96 1
52 55 1
8 83 1
20 41 1
26 38 1
47 51 1
41 62 1
13 52 1
45 79 1
57 26 1
68 9 1
47 37 1
90 77 1
80 31 1
62 34 1
20 8 1
82 9 1
90 57 1
18 57 1
3 82 1
34 49 1
77 49 1
52 6 1
80 8 1
6 22 1
64 6 1
9 95 1
22 77 1
39 1 1
20 52 1
51 40 1
47 3 1
52 6 1
47 8 1
47 20 1
1 83 2
6 64 2
41 9 2
77 9 2
28 80 2
68 90 2
51 6 2
37 41 2
28 26 2
80 77 2
8 47 2
64 39 2
37 53 2
37 41 2
49 83 2
95 34 2
62 83 2
57 49 2
51 49 2
53 95 2
28 55 2
53 34 2
13 85 2
35 77 2
85 1 2
85 68 2
47 51 2
28 13 2
53 38 2
95 45 2
1 20 2
90 34 2
1 79 2
90 34 2
31 18 2
83 41 2
95 31 2
68 18 2
38 22 2
6 20 2
57 1 2
18 3 2
35 68 2
52 28 2
37 40 2
18 13 2
13 40 2
55 34 2
64 38 2
90 9 2
18 22 2
68 41 2
64 77 2
31 38 2
46 82 2
26 37 2
22 46 2
13 80 2
79 51 2
13 85 2
83 8 2
35 80 2
39 38 2
68 85 2
45 6 2
1 47 2
40 13 2
1 85 2
3 68 2
8 1 2
40 46 2
90 20 2
35 95 2
57 35 2
79 9 2
34 35 2
20 35 2
40 52 2
82 51 2
80 38 2
83 45 2
20 18 2
39 26 2
40 6 2
18 90 2
79 39 2
8 57 2
31 8 2
83 1 2
90 40 2
22 8 2
79 41 2
45 28 2
20 39 2
47 6 2
18 9 2
68 34 2
80 8 2
80 90 2
57 53 2
68 22 2
1 22 2
57 35 2
13 79 2
35 18 2
62 18 2
8 47 2
49 52 2
79 13 2
35 20 2
90 38 2
34 64 2
3 28 2
20 46 2
83 6 2
77 22 2
35 18 2
51 35 2
31 34 2
31 39 2
1 6 2
46 34 2
95 82 2
68 39 2
8 39 2
46 90 2
57 46 2
77 52 2
37 49 2
35 38 2
28 82 2
9 79 2
82 95 2
3 83 2
41 51 2
34 41 2
49 95 2
46 77 2
9 83 2
51 85 2
47 95 2
37 18 2
55 77 2
38 9 2
35 85 2
95 64 2
82 57 2
13 96 2
62 79 2
13 83 2
68 46 2
45 47 2
26 90 2
18 41 2
18 80 2
53 77 2
80 26 2
31 52 2
22 18 2
31 53 2
18 53 2
82 26 2
40 85 2
34 95 2
51 77 2
35 34 2
31 41 2
39 51 2
96 79 2
46 26 2
82 80 2
22 83 2
47 96 2
8 95 2
13 52 2
1 37 2
55 18 2
9 68 2
28 90 2
95 13 2
55 38 2
26 8 2
3 82 2
31 9 2
41 90 2
83 82 2
20 95 2
53 20 2
95 90 2
64 68 2
83 45 2
51 3 2
68 18 2
68 41 2
20 96 2
82 47 2
46 9 2
35 1 2
95 64 2
1 52 2
47 64 2
26 20 2
95 68 2
35 46 2
96 9 2
28 90 2
55 90 2
62 8 2
37 8 2
52 62 2
18 95 2
95 53 2
13 28 2
79 95 2
3 38 2
53 77 2
35 1 2
57 28 2
35 1 2
82 40 2
40 20 2
40 95 2
22 39 2
53 40 2
38 53 2
95 20 2
53 52 2
47 64 2
46 28 2
45 95 2
57 52 2
3 20 2
37 83 2
13 51 2
45 57 2
68 1 2
13 79 2
53 13 2
95 1 2
13 96 2
8 40 2
35 77 2
45 47 2
9 57 2
47 82 2
62 83 2
35 34 2
55 22 2
6 39 2
49 62 2