2 19 1
2 14 1
3 18 1
18 6 1
12 10 1
4 10 1
6 16 1
4 12 1
11 16 1
1 9 1
8 3 1
18 8 1
16 6 1
15 13 1
5 19 1
9 2 1
14 5 1
6 19 1
1 10 1
14 13 1
16 9 1
12 20 1
20 3 1
9 19 1
3 6 1
16 14 1
12 1 1
19 5 1
10 16 1
12 6 1
9 10 1
12 15 1
10 14 1
20 12 1
3 1 1
15 6 1
10 7 1
5 8 1
5 3 1
19 1 1
7 6 1
2 6 1
2 17 1
15 17 1
15 3 1
6 11 1
11 20 1
5 20 1
1 16 1
8 9 1
9 5 1
5 20 1
7 10 1
14 3 1
8 1 1
7 16 1
5 12 1
16 15 1
6 15 1
18 5 1
20 19 1
11 1 1
3 4 1
1 9 1
6 10 1
18 19 1
6 20 1
7 3 1
15 10 1
19 3 1
7 6 1
6 12 1
14 16 1
7 17 1
11 15 1
7 5 1
8 2 1
13 12 1
10 13 1
10 2 1
9 15 1
16 9 1
11 3 1
6 2 1
14 12 1
4 17 1
3 6 1
18 10 1
6 7 1
2 16 1
9 5 1
4 7 1
19 8 1
1 7 1
18 1 1
19 4 1
2 11 1
8 11 1
8 20 1
15 18 1
17 7 2
15 3 2
2 17 2
6 11 2
6 17 2
20 11 2
19 20 2
7 5 2
8 10 2
14 12 2
15 10 2
14 5 2
9 18 2
6 18 2
3 11 2
7 12 2
7 14 2
19 16 2
3 4 2
12 9 2
18 20 2
12 5 2
3 17 2
17 9 2
6 11 2
4 18 2
10 1 2
10 19 2
5 19 2
17 15 2
12 8 2
3 12 2
20 16 2
11 14 2
12 9 2
16 18 2
16 13 2
14 19 2
20 16 2
2 12 2
10 20 2
15 3 2
2 15 2
3 20 2
1 18 2
1 9 2
11 17 2
11 20 2
7 5 2
19 10 2
7 20 2
11 20 2
13 6 2
17 18 2
2 9 2
12 20 2
5 3 2
7 18 2
8 10 2
13 6 2
5 16 2
8 5 2
5 17 2
4 1 2
16 2 2
10 2 2
12 18 2
12 7 2
3 7 2
18 10 2
11 7 2
16 6 2
1 3 2
19 7 2
4 16 2
5 20 2
15 12 2
5 12 2
2 13 2
3 12 2
11 15 2
1 16 2
12 15 2
8 4 2
15 1 2
1 20 2
20 5 2
17 8 2
1 3 2
11 19 2
16 13 2
15 17 2
13 2 2
15 11 2
16 8 2
17 4 2
6 3 2
1 17 2
5 3 2
3 8 2