32
6 3 1
15 6 1
14 13 1
15 7 1
3 8 1
15 18 1
19 4 1
7 2 1
20 11 1
14 8 1
13 2 1
4 12 1
19 17 1
3 7 1
1 7 1
8 4 1
8 19 1
6 17 1
12 3 1
1 9 1
1 17 1
2 13 1
11 18 1
20 12 1
4 2 1
18 7 1
16 13 1
11 15 1
11 18 1
3 1 1
13 7 1
15 7 1
12 18 1
6 3 1
17 12 1
13 12 1
16 1 1
16 5 1
1 5 1
2 19 1
13 10 1
4 5 1
18 6 1
3 16 1
10 19 1
12 14 1
16 15 1
2 20 1
7 1 1
4 1 1
9 16 2
14 10 2
20 4 2
19 14 2
11 19 2
6 2 2
20 7 2
3 14 2
1 5 2
8 11 2
3 15 2
11 2 2
9 4 2
20 4 2
8 7 2
18 20 2
14 19 2
5 11 2
18 5 2
20 2 2
10 14 2
8 14 2
8 11 2
3 1 2
3 19 2
15 6 2
13 15 2
17 1 2
5 15 2
3 13 2
6 18 2
2 18 2
15 9 2
3 13 2
6 2 2
16 8 2
6 7 2
19 9 2
6 1 2
18 14 2
15 4 2
20 7 2
3 7 2
13 14 2
17 6 2
16 17 2
19 11 2
1 12 2
10 13 2
15 10 2
17 13 2
11 5 2
19 14 2
6 11 2
6 18 2
1 17 2
8 13 2
20 17 2
3 10 2
3 18 2
13 6 2
12 18 2
3 9 2
3 14 2
13 14 2
8 17 2
13 9 2
16 9 2
4 11 2
9 14 2
17 7 2
9 7 2
14 1 2
6 7 2
19 18 2
20 7 2
12 15 2
9 15 2
1 20 2
8 12 2
20 5 2
10 19 2
18 2 2
7 17 2
16 17 2
18 10 2
16 15 2
1 18 2
19 12 2
12 5 2
20 7 2
1 7 2
16 7 2
2 16 2
9 13 2
7 15 2
9 19 2
17 16 2
12 14 2
8 12 2
14 13 2
3 14 2
8 13 2
19 20 2
3 7 2
12 19 2
9 1 2
6 2 2
19 18 2
12 3 2
7 5 2
16 10 2
12 20 2
7 20 2
17 13 2
15 17 2
10 14 2
17 6 2
10 11 2
4 6 2
13 5 2
18 20 2
7 15 2
5 17 2
15 5 2
9 14 2
4 6 2
16 8 2
1 15 2
4 11 2
16 19 2
5 4 2
1 7 2
14 10 2
13 7 2
19 9 2
8 3 2
16 17 2
11 14 2
1 10 2
9 2 2
20 2 2
4 3 2
11 5 2
1 17 2
7 13 2
11 4 2
14 16 2
3 20 2
20 13 2
6 17 2
13 10 2
14 16 2
3 20 2
7 16 2
14 16 2
11 6 2
1 15 2
14 1 2
18 8 2
19 20 2
17 5 2
6 17 2
2 17 2
14 9 2
16 9 2
12 13 2
2 17 2
17 6 2
13 3 2
7 6 2
19 9 2
18 20 2
11 14 2
6 16 2
1 7 2
6 16 2
20 2 2
19 2 2
15 7 2
8 4 2
13 16 2
9 11 2
3 12 2
5 2 2
1 8 2
20 16 2
12 13 2
14 8 2
7 20 2
12 10 2
1 18 2
3 14 2
6 7 2
11 19 2
6 5 2
19 11 2
2 1 2
4 3 2
17 3 2
1 9 2
2 9 2
1 20 2
4 5 2
7 6 2
1 3 2
2 9 2
7 1 2
4 13 2
2 11 2
17 19 2
2 18 2
3 12 2
17 9 2
3 13 2
13 10 2
14 9 2
9 1 2
8 5 2
8 6 2
19 10 2
2 18 2
14 10 2
8 5 2
2 9 2
17 8 2
12 14 2
20 1 2
4 6 2
1 3 2
9 15 2
19 2 2
11 19 2
16 1 2
11 8 2
16 4 2
8 20 2
11 8 2
13 17 2
9 5 2
19 12 2
11 5 2
15 6 2
5 19 2
19 7 2
15 18 2
16 11 2
16 20 2
16 2 2
13 8 2