32
10 1 1
19 10 1
8 4 1
17 3 1
8 14 1
7 5 1
19 15 1
17 3 1
17 5 1
16 8 1
5 20 1
4 11 1
16 9 1
6 1 1
15 11 1
19 2 1
4 17 1
14 5 1
15 13 1
17 9 1
6 18 1
2 18 1
9 5 1
4 13 1
18 1 1
9 13 1
2 12 1
14 19 1
5 9 1
11 3 1
4 20 1
3 12 1
7 18 1
1 17 1
8 12 1
8 1 1
2 18 1
19 3 1
18 6 1
4 8 1
4 17 1
20 12 1
16 2 1
11 12 1
9 15 1
11 16 1
6 15 1
12 10 1
19 12 1
14 12 1
16 12 2
8 5 2
1 13 2
1 2 2
3 4 2
19 1 2
15 16 2
13 4 2
5 4 2
11 6 2
13 9 2
20 5 2
6 5 2
19 5 2
7 19 2
2 19 2
11 1 2
3 10 2
14 17 2
19 17 2
3 10 2
19 4 2
20 17 2
16 2 2
12 9 2
15 12 2
17 3 2
19 18 2
17 10 2
15 11 2
1 4 2
9 4 2
16 18 2
14 19 2
2 18 2
10 13 2
4 9 2
18 14 2
17 6 2
5 11 2
9 11 2
10 13 2
12 16 2
18 9 2
11 16 2
20 3 2
7 14 2
11 12 2
16 3 2
10 2 2
