32
3 1 1
8 7 1
16 10 1
16 1 1
15 11 1
5 14 1
20 3 1
9 11 1
11 14 1
11 9 1
11 4 1
7 8 1
15 4 1
16 2 1
15 3 1
19 9 1
9 8 1
15 10 1
18 20 1
18 9 1
12 15 1
1 13 1
20 18 1
10 13 1
2 15 1
5 2 1
7 18 1
12 20 1
1 4 1
4 13 1
17 13 1
8 14 1
17 13 1
17 6 1
5 4 1
17 8 1
18 6 1
15 8 1
5 15 1
5 16 1
10 5 1
10 13 1
5 3 1
9 7 1
20 8 1
8 1 1
10 15 1
8 15 1
5 4 1
8 20 1
20 15 1
15 1 1
16 9 1
9 19 1
18 10 1
8 2 1
16 2 1
20 8 1
13 20 1
14 10 1
2 1 1
2 10 1
7 13 1
13 6 1
16 12 1
4 11 1
1 5 1
12 4 1
15 10 1
17 9 1
18 6 1
2 10 1
1 18 1
3 17 1
2 16 1
13 15 1
4 3 1
2 6 1
1 8 1
7 2 1
3 19 1
3 12 1
15 5 1
6 10 1
16 19 1
15 10 1
14 10 1
6 8 1
13 15 1
2 4 1
4 7 1
10 12 1
9 11 1
7 18 1
15 3 1
12 10 1
14 11 1
12 14 1
3 20 1
1 14 1
3 7 2
16 17 2
3 10 2
4 14 2
6 1 2
11 19 2
20 12 2
9 10 2
13 17 2
19 20 2
10 6 2
14 10 2
1 14 2
3 17 2
11 2 2
6 20 2
18 13 2
7 16 2
2 16 2
11 20 2
15 16 2
3 12 2
9 1 2
7 13 2
15 12 2
13 4 2
20 8 2
15 2 2
19 4 2
16 18 2
8 12 2
1 10 2
1 15 2
8 5 2
9 5 2
4 9 2
17 10 2
15 10 2
4 14 2
1 8 2
7 6 2
19 17 2
12 14 2
20 1 2
2 11 2
1 2 2
4 11 2
12 2 2
4 14 2
7 20 2
7 11 2
20 4 2
15 2 2
3 8 2
8 9 2
13 11 2
13 17 2
19 13 2
13 8 2
12 19 2
15 19 2
16 18 2
14 10 2
18 3 2
20 1 2
5 13 2
6 16 2
15 8 2
13 8 2
17 4 2
20 14 2
13 4 2
8 13 2
1 11 2
17 1 2
14 8 2
14 16 2
19 7 2
13 19 2
19 12 2
11 7 2
16 13 2
16 18 2
7 11 2
12 5 2
12 13 2
17 11 2
20 18 2
2 6 2
8 16 2
8 4 2
3 4 2
11 9 2
5 12 2
17 4 2
11 13 2
3 18 2
19 3 2
18 16 2
5 9 2