6 16 1
9 6 1
15 7 1
20 9 1
16 4 1
5 7 1
2 9 1
9 10 1
17 6 1
15 12 1
10 13 1
7 11 1
19 4 1
3 16 1
11 1 1
18 4 1
12 19 1
7 15 1
16 19 1
16 11 1
12 3 1
17 13 1
11 1 1
7 20 1
3 2 1
2 10 1
16 9 1
15 14 1
2 4 1
6 10 1
11 15 1
8 4 1
13 15 1
13 19 1
10 11 1
4 11 1
6 9 1
8 7 1
5 11 1
13 8 1
9 6 1
8 5 1
11 9 1
9 1 1
19 3 1
2 13 1
6 4 1
3 15 1
14 10 1
2 12 1
10 20 2
17 6 2
14 1 2
5 20 2
11 3 2
1 2 2
1 9 2
8 9 2
12 18 2
14 12 2
13 15 2
13 12 2
5 12 2
6 16 2
16 19 2
15 8 2
12 20 2
3 6 2
2 4 2
8 16 2
6 18 2
12 7 2
3 18 2
10 11 2
12 10 2
3 12 2
19 1 2
1 9 2
18 5 2
15 5 2
14 3 2
20 16 2
6 17 2
3 6 2
17 16 2
13 15 2
3 6 2
9 19 2
4 8 2
3 20 2
5 12 2
16 15 2
3 16 2
15 8 2
9 3 2
6 15 2
4 18 2
4 9 2
19 9 2
5 14 2