32
19 13 1
20 1 1
7 17 1
18 2 1
3 14 1
9 18 1
2 4 1
15 4 1
7 4 1
4 8 1
6 2 1
14 17 1
13 4 1
13 3 1
16 3 1
10 9 1
14 4 1
9 4 1
8 14 1
20 3 1
3 15 1
9 13 1
18 15 1
5 3 1
12 4 1
14 12 1
8 18 1
9 3 1
3 20 1
19 7 1
3 1 1
20 14 1
14 13 1
4 9 1
8 19 1
5 6 1
6 10 1
18 4 1
4 18 1
11 16 1
20 9 1
4 1 1
14 9 1
16 6 1
6 12 1
16 2 1
14 1 1
17 11 1
15 9 1
8 17 1
2 11 1
7 20 1
4 8 1
18 19 1
13 4 1
14 1 1
2 14 1
14 1 1
6 16 1
5 15 1
15 6 1
17 20 1
12 15 1
4 5 1
3 2 1
4 11 1
8 7 1
3 16 1
16 13 1
16 9 1
19 14 1
2 9 1
2 3 1
13 11 1
2 1 1
20 10 1
5 7 1
19 3 1
12 6 1
14 19 1
6 16 1
17 8 1
13 1 1
4 6 1
20 8 1
13 11 1
10 4 1
2 1 1
15 17 1
7 2 1
8 6 1
3 12 1
16 19 1
8 5 1
2 1 1
7 17 1
14 4 1
10 7 1
4 6 1
17 12 1
10 14 2
2 4 2
7 16 2
9 10 2
15 17 2
1 15 2
7 10 2
15 3 2
3 1 2
18 20 2
9 13 2
5 14 2
10 3 2
6 3 2
16 13 2
8 3 2
11 9 2
12 3 2
12 9 2
13 5 2
14 8 2
12 13 2
8 19 2
10 20 2
12 6 2
19 14 2
15 6 2
2 13 2
9 6 2
5 11 2
16 20 2
20 7 2
19 3 2
11 13 2
6 14 2
4 19 2
19 16 2
20 5 2
7 19 2
1 15 2
18 19 2
2 3 2
20 8 2
19 10 2
9 17 2
4 20 2
14 5 2
17 14 2
13 11 2
14 4 2
19 8 2
16 13 2
14 5 2
20 4 2
14 6 2
9 18 2
12 6 2
7 13 2
19 10 2
19 7 2
3 15 2
17 19 2
2 1 2
2 20 2
9 1 2
19 2 2
19 10 2
2 17 2
9 17 2
17 1 2
2 16 2
14 3 2
13 17 2
1 20 2
4 6 2
6 20 2
11 12 2
15 19 2
18 2 2
19 9 2
10 7 2
13 1 2
8 2 2
4 17 2
9 17 2
6 13 2
1 12 2
3 18 2
5 2 2
2 20 2
9 20 2
13 18 2
20 4 2
18 8 2
17 19 2
14 16 2
8 10 2
16 20 2
4 12 2
16 14 2