32
18 17 1
13 6 1
6 9 1
12 3 1
15 7 1
5 4 1
14 5 1
10 2 1
3 8 1
4 7 1
18 16 1
17 5 1
15 11 1
9 2 1
19 18 1
16 4 1
16 4 1
1 8 1
19 6 1
16 15 1
13 17 1
19 17 1
17 2 1
2 20 1
4 18 1
12 17 1
13 16 1
9 3 1
1 8 1
8 13 1
7 18 1
3 4 1
14 1 1
14 2 1
3 9 1
3 7 1
8 9 1
14 5 1
12 4 1
6 4 1
16 18 1
20 12 1
2 8 1
8 2 1
11 4 1
4 10 1
12 15 1
11 20 1
9 12 1
14 19 1
18 10 1
8 6 1
17 13 1
17 10 1
3 19 1
16 3 1
12 6 1
12 14 1
19 10 1
16 20 1
17 8 1
20 2 1
17 6 1
11 20 1
15 11 1
13 7 1
3 16 1
9 17 1
17 7 1
15 4 1
12 8 1
10 8 1
5 18 1
17 2 1
4 6 1
15 17 1
19 15 1
7 9 1
14 19 1
13 3 1
18 14 1
10 9 1
18 5 1
12 18 1
3 17 1
11 10 1
20 6 1
12 19 1
5 7 1
7 5 1
10 1 1
13 10 1
20 9 1
11 10 1
1 19 1
1 7 1
3 20 1
16 6 1
20 6 1
13 16 1
16 7 2
11 20 2
11 2 2
1 11 2
4 8 2
16 14 2
8 5 2
13 10 2
1 2 2
6 15 2
1 6 2
1 14 2
12 10 2
9 15 2
10 11 2
7 3 2
1 17 2
12 11 2
20 16 2
6 2 2
14 17 2
3 15 2
9 18 2
9 16 2
11 5 2
15 1 2
20 16 2
8 14 2
2 7 2
11 1 2
7 12 2
12 1 2
5 19 2
9 13 2
14 16 2
15 17 2
12 15 2
13 15 2
5 6 2
9 18 2
18 19 2
6 13 2
18 5 2
10 4 2
9 12 2
19 1 2
19 13 2
5 12 2
17 16 2
4 11 2
12 9 2
19 13 2
14 2 2
7 16 2
9 5 2
7 11 2
10 14 2
8 18 2
11 19 2
20 6 2
6 12 2
8 11 2
17 4 2
19 12 2
8 14 2
14 17 2
14 1 2
19 12 2
8 7 2
20 10 2
1 4 2
6 12 2
2 11 2
14 16 2
20 12 2
2 1 2
13 12 2
7 20 2
16 11 2
11 3 2
1 10 2
8 7 2
20 15 2
10 1 2
12 17 2
9 11 2
13 15 2
19 16 2
9 5 2
14 12 2
3 4 2
4 6 2
13 9 2
5 7 2
16 14 2
14 2 2
1 5 2
2 3 2
13 15 2
19 2 2