32
2 1 1
20 6 1
1 20 1
10 12 1
5 4 1
4 1 1
20 10 1
2 7 1
15 7 1
8 14 1
7 19 1
9 19 1
18 4 1
12 20 1
7 3 1
8 18 1
12 20 1
6 10 1
8 7 1
15 14 1
1 10 1
9 13 1
18 11 1
6 4 1
1 9 1
20 14 1
1 13 1
16 9 1
1 16 1
6 4 1
10 14 1
11 1 1
18 10 1
17 4 1
3 12 1
20 9 1
12 3 1
20 5 1
14 10 1
11 19 1
20 15 1
15 4 1
13 16 1
14 8 1
17 16 1
11 6 1
7 8 1
9 8 1
2 17 1
13 17 1
7 5 2
19 9 2
12 1 2
9 5 2
20 17 2
18 17 2
20 11 2
9 20 2
13 6 2
9 6 2
3 12 2
7 14 2
6 13 2
6 10 2
3 16 2
4 14 2
8 2 2
18 4 2
2 6 2
5 16 2
7 1 2
14 9 2
6 12 2
15 2 2
18 6 2
2 16 2
11 3 2
11 20 2
1 9 2
16 12 2
3 14 2
3 6 2
13 10 2
12 1 2
13 9 2
9 13 2
14 8 2
17 5 2
6 11 2
5 15 2
8 9 2
17 4 2
9 1 2
10 19 2
12 17 2
3 19 2
9 13 2
14 1 2
18 14 2
17 14 2