12 8 1
3 20 1
9 18 1
2 8 1
17 12 1
6 8 1
20 18 1
18 7 1
14 12 1
18 8 1
20 16 1
9 18 1
18 11 1
14 20 1
6 17 1
17 4 1
16 2 1
11 18 1
5 12 1
4 12 1
5 16 1
3 1 1
17 1 1
15 7 1
17 13 1
3 20 1
5 16 1
13 11 1
7 13 1
13 2 1
10 18 1
14 4 1
12 20 1
17 15 1
8 17 1
18 3 1
8 9 1
9 1 1
3 4 1
13 16 1
2 5 1
12 4 1
18 19 1
17 8 1
10 2 1
6 13 1
10 17 1
1 12 1
13 8 1
6 9 1
3 12 2
18 14 2
14 19 2
14 8 2
1 6 2
7 3 2
3 19 2
2 6 2
9 14 2
7 4 2
13 12 2
10 9 2
5 8 2
8 12 2
16 15 2
16 4 2
8 2 2
15 2 2
3 6 2
19 3 2
8 12 2
1 18 2
14 17 2
2 19 2
17 19 2
9 3 2
18 12 2
16 18 2
15 16 2
20 15 2
8 17 2
16 20 2
12 19 2
18 8 2
12 4 2
5 3 2
5 1 2
15 17 2
20 18 2
4 6 2
20 2 2
10 17 2
13 10 2
15 9 2
8 12 2
15 5 2
19 2 2
12 17 2
10 9 2
1 6 2
18 17 2
3 5 2
18 16 2
20 13 2
5 18 2
8 9 2
19 13 2
8 10 2
1 11 2
16 7 2
9 3 2
9 17 2
4 11 2
17 9 2
14 9 2
16 17 2
15 3 2
7 2 2
3 20 2
6 16 2
18 6 2
14 16 2
2 20 2
2 5 2
18 10 2
4 18 2
9 18 2
19 5 2
8 17 2
15 13 2
18 14 2
8 17 2
18 10 2
7 10 2
10 1 2
4 14 2
2 10 2
1 13 2
15 4 2
18 3 2
3 1 2
12 9 2
5 2 2
9 3 2
6 20 2
19 2 2
12 10 2
4 6 2
12 16 2
8 11 2
4 13 2
14 3 2
11 8 2
3 18 2
7 3 2
11 16 2
11 12 2
9 6 2
16 3 2
4 20 2
10 19 2
13 10 2
13 8 2
7 16 2
16 19 2
11 20 2
2 13 2
10 16 2
20 5 2
11 2 2
10 3 2
18 10 2
15 9 2
15 3 2
10 15 2
19 3 2
13 12 2
8 18 2
19 4 2
11 15 2
5 8 2
20 19 2
9 6 2
12 10 2
14 17 2
12 10 2
1 2 2
13 3 2
4 14 2
19 1 2
7 17 2
8 16 2
8 4 2
12 13 2
5 11 2
3 13 2
8 3 2
6 2 2
3 7 2
16 12 2
5 11 2
6 12 2
9 18 2
7 10 2
12 10 2
19 3 2
1 8 2
5 19 2
20 8 2
16 17 2
10 1 2
8 9 2
15 16 2
11 9 2
2 4 2
10 7 2
11 3 2
20 12 2
20 18 2
11 13 2
4 20 2
17 10 2
1 19 2
13 15 2
20 4 2
3 12 2
1 17 2
19 10 2
4 13 2
4 15 2
13 20 2
12 20 2
7 14 2
5 20 2
1 9 2
18 12 2
8 5 2
13 19 2
8 18 2
19 20 2
10 17 2
7 1 2
17 10 2
18 10 2
1 17 2
20 11 2
19 4 2
2 5 2
15 20 2
16 3 2
7 10 2
8 10 2
3 6 2
17 8 2
9 12 2
4 18 2
3 5 2
14 9 2
9 11 2
12 3 2
11 2 2
3 2 2
4 11 2
3 8 2
17 20 2
17 5 2
19 5 2
4 5 2
11 1 2
16 3 2
15 9 2
6 12 2
3 16 2
16 2 2
20 3 2
1 13 2
9 19 2
6 19 2
4 6 2
12 19 2
1 15 2
4 5 2
18 19 2
15 17 2
14 7 2
1 10 2
1 2 2
2 15 2
20 15 2
18 2 2
18 10 2
17 11 2
11 4 2
17 9 2
9 1 2
9 7 2
6 13 2
2 5 2
8 14 2
20 2 2