6 2 1
21 33 1
35 6 1
37 31 1
37 10 1
33 4 1
7 18 1
6 23 1
1 29 1
4 1 1
1 19 1
24 23 1
4 36 1
1 18 1
34 9 1
20 9 1
6 14 1
38 11 1
7 20 1
19 13 1
21 10 1
25 11 1
20 21 1
11 3 1
22 35 1
23 32 1
34 7 1
22 35 1
36 33 1
31 11 1
13 36 1
1 9 1
37 32 1
9 38 1
1 4 1
26 13 1
35 19 1
27 30 1
13 37 1
2 15 1
36 8 1
4 24 1
25 20 1
37 11 1
7 22 1
18 14 1
34 9 1
35 1 1
37 36 1
10 14 1
27 23 1
24 29 1
34 16 1
19 33 1
17 15 1
28 4 1
39 6 1
28 21 1
6 21 1
17 2 1
26 29 1
39 36 1
5 40 1
15 39 1
38 13 1
32 7 1
40 38 1
15 29 1
22 23 1
10 38 1
8 23 1
26 30 1
9 22 1
13 34 1
16 14 1
33 22 1
25 9 1
28 6 1
4 39 1
24 17 1
40 15 1
18 35 1
3 31 1
38 20 1
2 30 1
18 17 1
19 15 1
21 12 1
7 30 1
22 38 1
19 6 1
24 2 1
10 27 1
40 1 1
25 9 1
40 8 1
3 38 1
13 9 1
40 37 1
4 19 1
40 9 2
26 19 2
7 20 2
24 40 2
22 19 2
26 35 2
24 18 2
36 24 2
19 2 2
18 1 2
3 18 2
37 7 2
38 26 2
5 17 2
28 27 2
17 20 2
2 23 2
8 9 2
8 13 2
27 26 2
5 17 2
40 23 2
16 10 2
24 4 2
2 27 2
1 7 2
15 27 2
8 25 2
36 29 2
27 34 2
10 13 2
26 39 2
4 30 2
19 29 2
39 14 2
8 29 2
34 39 2
36 28 2
15 19 2
5 19 2
36 30 2
19 7 2
15 24 2
29 32 2
23 24 2
39 27 2
6 36 2
18 20 2
18 4 2
25 29 2
38 27 2
14 11 2
35 37 2
17 16 2
35 15 2
33 35 2
17 34 2
33 18 2
2 4 2
3 24 2
9 15 2
35 17 2
37 5 2
11 22 2
33 39 2
36 18 2
11 10 2
4 6 2
6 31 2
9 19 2
40 33 2
14 8 2
33 20 2
36 6 2
27 24 2
8 27 2
37 34 2
14 1 2
30 1 2
33 39 2
5 29 2
11 22 2
4 11 2
27 18 2
40 11 2
12 29 2
21 1 2
16 20 2
22 37 2
6 28 2
29 36 2
27 21 2
1 23 2
26 13 2
24 3 2
28 32 2
8 21 2
17 11 2
10 28 2
24 9 2