14 19 1
35 29 1
9 33 1
26 31 1
32 23 1
29 13 1
28 7 1
20 7 1
35 2 1
21 22 1
8 27 1
4 13 1
10 5 1
22 23 1
4 24 1
25 14 1
19 13 1
13 4 1
7 20 1
20 29 1
14 39 1
3 30 1
5 16 1
37 20 1
22 13 1
29 22 1
1 34 1
8 9 1
13 33 1
14 9 1
31 19 1
2 9 1
11 7 1
25 4 1
30 19 1
4 39 1
23 16 1
37 25 1
13 19 1
9 25 1
30 27 1
31 9 1
11 10 1
10 9 1
12 33 1
30 15 1
14 17 1
10 2 1
33 21 1
5 6 1
33 17 1
24 12 1
13 35 1
11 28 1
27 3 1
20 6 1
1 37 1
1 21 1
31 29 1
37 31 1
9 30 1
20 35 1
13 40 1
19 15 1
15 5 1
17 39 1
4 16 1
10 23 1
3 25 1
27 12 1
10 29 1
21 29 1
25 37 1
24 17 1
12 14 1
21 25 1
19 11 1
24 28 1
7 22 1
29 22 1
34 13 1
19 1 1
4 37 1
40 39 1
23 24 1
39 35 1
22 30 1
5 16 1
15 17 1
30 22 1
16 21 1
1 30 1
27 26 1
11 9 1
33 25 1
8 33 1
14 16 1
39 14 1
15 20 1
35 31 1
25 11 2
2 31 2
20 30 2
10 22 2
4 27 2
9 21 2
13 30 2
32 18 2
18 38 2
22 8 2
14 3 2
13 27 2
40 10 2
3 19 2
30 6 2
34 27 2
6 28 2
7 40 2
37 32 2
11 19 2
38 23 2
5 8 2
35 12 2
22 36 2
20 36 2
21 25 2
16 3 2
21 34 2
22 13 2
14 10 2
6 33 2
38 39 2
2 27 2
21 25 2
6 17 2
25 18 2
24 17 2
18 12 2
20 18 2
33 8 2
29 28 2
31 1 2
1 21 2
27 21 2
32 8 2
26 15 2
37 14 2
33 40 2
3 36 2
5 10 2
3 23 2
6 25 2
25 33 2
23 21 2
8 15 2
28 20 2
3 29 2
27 19 2
7 31 2
13 19 2
27 37 2
17 29 2
27 39 2
8 26 2
36 8 2
32 23 2
29 9 2
4 40 2
10 40 2
36 40 2
27 39 2
17 25 2
6 22 2
40 3 2
17 23 2
21 5 2
36 26 2
29 30 2
39 20 2
24 19 2
3 1 2
13 28 2
10 15 2
38 27 2
39 23 2
23 5 2
7 22 2
16 2 2
6 33 2
15 9 2
14 34 2
39 5 2
16 11 2
33 38 2
10 19 2
29 33 2
20 15 2
35 18 2
5 34 2
29 18 2