7 1
12 1
15 1
4 2
13 2
5 3
12 3
13 3
15 3
19 3
6 4
20 4
10 5
17 5
18 5
11 6
15 6
19 6
10 7
14 7
17 7
9 8
11 8
12 8
20 9
13 10
15 10
16 10
14 11
18 11
17 13
18 13
15 14
16 14
19 18


16 1 1
13 7 1
11 12 1
17 4 1
18 1 1
17 14 1
3 10 1
5 8 1
19 6 1
15 9 1
3 1 1
16 2 1
6 8 1
5 14 1
14 6 1
18 6 1
2 15 1
20 16 1
20 11 1
20 7 1
8 15 1
20 12 1
2 16 1
12 9 1
4 19 1
19 11 1
14 9 1
3 20 1
4 20 1
3 17 1
14 3 1
20 11 1
4 18 1
20 15 1
17 16 1
7 14 1
4 19 1
11 8 1
6 16 1
2 13 1
1 18 1
14 20 1
7 9 1
19 6 1
20 1 1
3 5 1
4 15 1
4 7 1
8 20 1
9 17 1
11 9 1
18 14 1
19 1 1
8 3 1
3 1 1
16 17 1
17 18 1
20 11 1
13 20 1
19 1 1
13 6 1
19 9 1
14 1 1
7 4 1
19 12 1
2 15 1
6 4 1
4 13 1
15 2 1
5 6 1
17 12 1
1 5 1
10 5 1
3 13 1
3 4 1
7 6 1
2 18 1
11 1 1
8 15 1
2 8 1
4 16 1
18 5 1
14 13 1
17 8 1
9 6 1
13 20 1
20 1 1
16 20 1
18 1 1
13 11 1
8 15 1
9 4 1
1 14 1
4 7 1
3 15 1
1 13 1
19 13 1
20 4 1
6 17 1
8 16 1
2 5 2
15 3 2
17 9 2
18 6 2
1 2 2
20 1 2
5 20 2
11 20 2
4 2 2
6 4 2
7 6 2
16 9 2
5 11 2
18 17 2
7 3 2
4 7 2
12 14 2
17 16 2
2 19 2
17 7 2
18 6 2
3 6 2
7 14 2
3 16 2
19 3 2
18 2 2
18 19 2
14 12 2
13 12 2
1 5 2
6 18 2
12 2 2
11 9 2
4 14 2
13 12 2
1 7 2
10 14 2
7 13 2
4 5 2
7 17 2
2 12 2
16 2 2
1 5 2
6 16 2
18 10 2
5 12 2
14 4 2
11 3 2
11 14 2
17 6 2
5 4 2
10 6 2
13 6 2
3 1 2
3 15 2
16 18 2
4 14 2
13 2 2
4 11 2
5 6 2
20 5 2
18 12 2
17 10 2
13 17 2
20 15 2
14 12 2
4 8 2
2 19 2
18 17 2
7 11 2
15 5 2
19 17 2
17 6 2
2 14 2
7 6 2
11 7 2
3 16 2
14 7 2
19 1 2
4 6 2
10 20 2
2 9 2
9 15 2
2 10 2
9 11 2
17 5 2
19 8 2
1 7 2
19 16 2
3 11 2
14 5 2
3 8 2
8 12 2
18 1 2
18 7 2
13 14 2
15 10 2
6 18 2
19 20 2
19 17 2