90 400 32
17 1
40 1
3 2
9 2
12 2
18 2
23 2
8 3
23 3
24 3
28 3
33 3
20 4
22 4
34 4
40 4
8 5
15 5
27 5
30 5
40 5
13 6
18 6
24 6
28 6
39 6
10 7
11 7
22 7
31 7
32 7
37 7
11 8
21 8
39 8
11 9
15 9
20 9
21 9
11 10
15 10
24 10
25 10
26 11
31 11
13 12
20 12
32 12
37 12
20 13
23 13
30 13
20 14
31 14
33 14
34 14
38 14
16 15
28 15
37 15
19 16
34 16
37 16
25 17
36 17
20 18
26 18
32 18
32 19
39 19
30 20
33 20
29 21
37 21
40 21
24 23
27 26
34 26
35 26
36 26
39 26
32 27
34 27
30 28
33 29
38 30
34 31
39 33
35 34
40 39
27 33 1
34 4 1
16 29 1
32 7 1
3 21 1
13 29 1
20 10 1
26 33 1
19 37 1
34 3 1
39 26 1
1 24 1
7 32 1
8 24 1
24 29 1
38 18 1
28 31 1
36 11 1
2 10 1
32 3 1
8 33 1
34 8 1
30 21 1
16 25 1
36 33 1
40 8 1
10 15 1
40 16 1
37 31 1
7 3 1
36 28 1
8 38 1
39 15 1
39 16 1
7 34 1
16 32 1
40 12 1
7 19 1
30 14 1
3 29 1
4 6 1
7 26 1
17 33 1
17 14 1
15 10 1
15 33 1
12 2 1
5 28 1
19 7 1
9 12 1
10 34 1
39 10 1
35 16 1
24 34 1
15 38 1
25 29 1
26 15 1
8 34 1
23 11 1
8 13 1
37 36 1
28 17 1
27 37 1
37 35 1
22 25 1
37 19 1
21 2 1
27 40 1
31 7 1
4 35 1
19 5 1
9 1 1
9 18 1
30 8 1
20 1 1
35 3 1
36 37 1
5 7 1
4 30 1
10 40 1
29 35 1
2 11 1
13 28 1
10 2 1
23 18 1
15 26 1
9 11 1
7 6 1
2 30 1
11 24 1
10 3 1
34 35 1
24 40 1
39 8 1
27 14 1
13 10 1
28 38 1
25 2 1
38 20 1
27 25 1
15 18 1
27 12 1
10 23 1
33 16 1
35 4 1
17 8 1
15 2 1
13 15 1
31 24 1
10 27 1
4 16 1
21 17 1
17 7 1
6 22 1
18 21 1
24 38 1
32 34 1
34 39 1
19 26 1
3 26 1
23 37 1
14 10 1
17 24 1
29 25 1
3 7 1
35 7 1
4 22 1
7 35 1
4 18 1
20 2 1
12 3 1
12 26 1
39 7 1
30 12 1
27 23 1
8 12 1
24 29 1
19 4 1
19 35 1
15 39 1
4 16 1
11 16 1
20 8 1
23 36 1
9 29 1
31 28 1
7 36 1
39 27 1
33 35 1
31 1 1
16 36 1
1 27 1
15 19 1
24 4 1
10 14 1
8 2 1
39 40 1
3 20 1
3 32 1
35 5 1
32 2 1
6 1 1
33 16 1
23 14 1
21 11 1
12 31 1
11 34 1
2 4 1
26 9 1
19 18 1
5 15 1
2 11 1
18 31 1
19 31 1
15 33 1
6 37 1
20 7 1
33 15 1
6 33 1
7 2 1
37 17 1
14 19 1
10 19 1
11 12 1
33 37 1
4 6 1
11 25 1
17 25 1
36 28 1
33 28 1
27 17 1
33 37 1
21 12 1
37 28 1
35 28 1
26 21 1
10 24 1
12 10 1
3 2 1
12 5 1
36 8 2
12 30 2
37 40 2
8 24 2
24 19 2
39 12 2
34 3 2
27 8 2
35 40 2
32 34 2
33 37 2
27 18 2
30 5 2
25 35 2
23 2 2
36 12 2
14 38 2
14 3 2
19 15 2
29 1 2
19 20 2
2 32 2
6 34 2
37 31 2
24 20 2
37 11 2
18 40 2
23 10 2
19 7 2
6 15 2
9 10 2
11 38 2
22 5 2
39 38 2
24 25 2
30 10 2
33 39 2
40 12 2
36 28 2
28 40 2
16 23 2
34 37 2
12 8 2
5 15 2
6 16 2
31 40 2
16 34 2
21 12 2
1 18 2
29 12 2
28 20 2
15 1 2
18 3 2
19 34 2
28 9 2
13 7 2
6 25 2
9 5 2
2 36 2
6 27 2
37 1 2
6 22 2
27 26 2
12 27 2
11 32 2
19 18 2
17 19 2
30 26 2
31 21 2
8 15 2
30 13 2
31 37 2
15 28 2
25 16 2
28 39 2
1 19 2
25 20 2
7 26 2
1 3 2
20 39 2
2 39 2
29 24 2
11 31 2
37 26 2
15 8 2
40 1 2
21 23 2
27 33 2
23 17 2
39 30 2
30 5 2
4 18 2
8 4 2
3 23 2
40 2 2
7 12 2
20 34 2
24 6 2
28 29 2
3 28 2
9 16 2
13 30 2
14 29 2
28 21 2
24 15 2
23 31 2
30 37 2
12 3 2
35 36 2
32 21 2
4 33 2
14 5 2
40 1 2
3 29 2
31 9 2
37 28 2
10 18 2
4 1 2
22 2 2
28 39 2
3 38 2
18 13 2
1 2 2
9 30 2
7 26 2
12 20 2
20 7 2
21 6 2
38 15 2
30 14 2
26 4 2
29 22 2
18 7 2
10 40 2
29 37 2
30 10 2
3 22 2
25 36 2
1 13 2
6 27 2
4 26 2
31 28 2
29 32 2
16 9 2
33 39 2
15 2 2
18 6 2
20 25 2
40 5 2
32 4 2
12 3 2
39 38 2
30 7 2
28 18 2
13 7 2
24 21 2
36 1 2
28 16 2
17 34 2
34 11 2
24 5 2
32 16 2
10 32 2
19 6 2
23 38 2
19 14 2
31 18 2
23 30 2
16 26 2
26 34 2
9 2 2
14 39 2
12 8 2
6 24 2
2 10 2
3 1 2
28 19 2
14 28 2
18 31 2
36 30 2
38 30 2
1 12 2
13 2 2
23 6 2
17 8 2
19 22 2
29 1 2
14 27 2
13 33 2
10 15 2
35 16 2
9 38 2
33 5 2
24 20 2
14 40 2
27 30 2
14 22 2
10 21 2
26 8 2
33 31 2