51 200 32
1 17
1 2
1 7
1 8
1 9
1 15
2 18
2 3
2 4
2 5
2 7
2 8
2 14
2 15
3 16
3 20
3 6
3 7
3 11
4 8
4 17
5 6
5 7
5 8
5 11
5 13
5 14
7 20
7 11
7 12
7 15
8 9
8 10
8 14
9 10
9 12
9 14
10 16
10 17
10 18
10 20
10 13
10 15
11 17
11 18
11 12
12 13
16 19
17 19
18 19
18 20
18 19 1
8 10 1
6 9 1
19 18 1
6 1 1
18 4 1
15 1 1
19 13 1
2 9 1
4 12 1
14 17 1
20 10 1
7 3 1
6 1 1
12 18 1
4 17 1
5 20 1
7 13 1
13 12 1
4 13 1
2 5 1
20 15 1
12 1 1
14 7 1
7 8 1
14 11 1
14 11 1
3 17 1
19 8 1
7 12 1
5 13 1
1 18 1
20 1 1
17 9 1
14 1 1
8 17 1
12 15 1
7 13 1
12 6 1
14 20 1
2 15 1
16 14 1
8 18 1
11 16 1
9 13 1
20 13 1
5 7 1
3 11 1
4 9 1
3 1 1
17 11 1
3 8 1
6 16 1
5 11 1
14 2 1
17 16 1
8 19 1
2 9 1
9 16 1
20 13 1
15 14 1
6 4 1
19 15 1
12 17 1
11 16 1
15 11 1
19 10 1
6 9 1
10 1 1
15 10 1
20 10 1
6 13 1
10 2 1
6 2 1
3 4 1
3 8 1
7 2 1
6 12 1
15 6 1
7 18 1
9 7 1
20 9 1
13 12 1
9 1 1
18 9 1
13 11 1
12 1 1
5 3 1
17 8 1
16 7 1
6 10 1
20 15 1
10 4 1
15 9 1
18 5 1
10 2 1
2 3 1
16 15 1
2 18 1
10 3 1
15 12 2
19 7 2
14 17 2
8 4 2
16 17 2
10 14 2
4 14 2
1 7 2
2 1 2
8 6 2
17 13 2
12 16 2
18 17 2
14 2 2
11 20 2
1 8 2
12 5 2
7 10 2
19 3 2
10 13 2
6 12 2
16 12 2
13 16 2
19 16 2
9 10 2
14 17 2
3 4 2
2 14 2
16 19 2
17 18 2
12 1 2
17 19 2
2 5 2
19 2 2
3 6 2
12 1 2
6 4 2
16 14 2
3 9 2
3 6 2
14 2 2
1 15 2
18 10 2
2 13 2
12 16 2
8 16 2
10 12 2
4 13 2
12 1 2
5 17 2
1 13 2
11 18 2
7 14 2
6 8 2
6 16 2
15 20 2
16 11 2
14 2 2
7 6 2
6 1 2
20 8 2
16 19 2
7 19 2
19 9 2
2 5 2
4 11 2
2 7 2
1 4 2
17 6 2
5 13 2
18 8 2
1 12 2
19 2 2
10 11 2
12 5 2
7 11 2
14 9 2
2 15 2
13 12 2
3 19 2
10 15 2
6 14 2
3 7 2
11 18 2
7 18 2
14 4 2
10 17 2
1 18 2
5 9 2
11 15 2
3 1 2
17 10 2
3 18 2
4 8 2
5 1 2
20 13 2
2 9 2
6 16 2
10 1 2
17 1 2