1 2
1 3
1 20
1 7
2 16
2 4
2 5
2 8
2 20
3 17
4 9
4 20
4 10
4 7
5 17
5 6
6 17
6 18
6 8
6 9
6 10
7 9
7 10
7 11
7 13
8 11
8 20
8 10
9 16
9 19
9 11
9 12
9 15
10 19
10 20
11 18
12 20
12 14
13 15
14 16
16 19
16 18


18 8 1
18 12 1
17 6 1
2 11 1
20 16 1
19 11 1
14 4 1
4 16 1
5 13 1
12 20 1
9 5 1
19 15 1
18 20 1
12 13 1
11 16 1
11 3 1
2 14 1
18 2 1
12 16 1
9 15 1
6 4 1
17 2 1
11 16 1
12 11 1
7 2 1
4 12 1
19 16 1
19 15 1
14 1 1
2 3 1
20 10 1
14 2 1
11 10 1
10 1 1
15 11 1
6 7 1
20 6 1
6 4 1
15 12 1
7 20 1
9 6 1
9 13 1
12 9 1
4 10 1
8 16 1
11 13 1
14 13 1
14 2 1
6 19 1
1 19 1
5 14 1
14 7 1
7 2 1
13 19 1
15 16 1
4 12 1
10 11 1
17 18 1
2 6 1
11 5 1
3 7 1
5 18 1
9 7 1
5 18 1
20 18 1
16 10 1
3 14 1
15 17 1
2 1 1
17 10 1
8 19 1
10 18 1
7 5 1
14 19 1
18 5 1
17 19 1
6 3 1
17 15 1
16 2 1
5 12 1
3 14 1
13 16 1
19 14 1
5 10 1
9 18 1
11 7 1
9 15 1
11 10 1
20 17 1
4 20 1
2 11 1
13 4 1
2 1 1
9 11 1
9 4 1
16 10 1
4 5 1
5 19 1
19 4 1
18 11 1
19 5 2
13 10 2
9 3 2
10 20 2
1 12 2
10 4 2
8 15 2
14 20 2
3 16 2
13 6 2
3 5 2
8 3 2
15 11 2
17 8 2
6 12 2
4 8 2
20 18 2
4 20 2
5 14 2
3 17 2
16 15 2
4 8 2
14 17 2
15 4 2
2 20 2
18 20 2
11 13 2
17 6 2
19 9 2
2 4 2
7 2 2
9 18 2
7 3 2
3 4 2
10 14 2
12 19 2
6 10 2
11 5 2
6 20 2
16 12 2
8 11 2
16 4 2
12 4 2
9 18 2
1 19 2
14 9 2
8 20 2
19 14 2
5 1 2
8 7 2
7 15 2
1 3 2
14 4 2
10 8 2
14 20 2
2 20 2
20 1 2
19 2 2
7 16 2
5 4 2
12 9 2
17 4 2
3 6 2
6 19 2
4 18 2
9 2 2
9 2 2
11 14 2
20 3 2
11 1 2
9 14 2
15 20 2
18 1 2
8 7 2
15 7 2
8 6 2
9 15 2
16 4 2
14 9 2
18 20 2
13 14 2
19 14 2
5 20 2
17 6 2
12 18 2
4 5 2
1 12 2
4 18 2
5 19 2
9 6 2
10 2 2
12 18 2
3 11 2
9 13 2
13 18 2
18 16 2
12 1 2
5 9 2
19 14 2
9 15 2