1 19
1 17
1 2
1 3
1 4
1 7
1 8
1 12
2 18
2 6
2 9
2 10
2 15
3 10
4 19
4 5
4 14
5 20
5 11
5 13
5 14
6 16
6 20
6 7
6 8
6 9
6 13
7 19
7 17
7 10
7 11
7 13
7 14
8 18
8 19
9 16
10 18
10 14
11 13
12 16
12 19
12 20
12 14
13 16
15 20
16 19
17 19
17 20
18 19


2 10 1
20 18 1
14 10 1
4 17 1
8 4 1
11 4 1
13 12 1
18 15 1
20 8 1
4 11 1
3 12 1
11 16 1
18 4 1
4 10 1
14 7 1
4 20 1
7 11 1
2 11 1
8 19 1
14 12 1
15 5 1
2 8 1
11 14 1
19 1 1
20 13 1
17 1 1
9 14 1
12 5 1
6 16 1
13 6 1
15 20 1
19 4 1
15 1 1
14 7 1
1 19 1
3 5 1
13 19 1
9 8 1
10 20 1
14 16 1
2 13 1
3 7 1
14 20 1
2 13 1
11 7 1
12 4 1
7 2 1
3 13 1
15 7 1
6 13 1
17 15 1
19 9 1
16 3 1
6 17 1
16 10 1
12 9 1
18 4 1
8 9 1
17 20 1
19 2 1
10 13 1
14 17 1
4 17 1
16 4 1
10 3 1
16 12 1
5 18 1
19 16 1
3 15 1
11 2 1
10 3 1
2 15 1
4 19 1
18 12 1
20 8 1
11 5 1
15 19 1
18 2 1
2 14 1
12 4 1
9 15 1
12 13 1
2 9 1
16 9 1
4 2 1
16 20 1
8 6 1
16 4 1
16 15 1
14 15 1
17 15 1
6 4 1
15 12 1
15 19 1
13 18 1
15 7 1
20 15 1
9 14 1
14 1 1
4 7 1
10 17 2
19 5 2
16 2 2
20 17 2
3 12 2
20 7 2
9 17 2
4 11 2
5 19 2
20 18 2
16 2 2
18 5 2
7 8 2
2 3 2
6 9 2
5 19 2
3 7 2
7 12 2
10 17 2
13 6 2
8 15 2
6 11 2
2 4 2
5 3 2
3 16 2
6 20 2
19 13 2
18 19 2
20 13 2
5 17 2
5 16 2
8 2 2
4 7 2
18 20 2
18 20 2
4 5 2
3 4 2
20 15 2
14 19 2
18 10 2
17 10 2
11 2 2
1 11 2
3 11 2
13 12 2
6 7 2
5 16 2
6 2 2
17 13 2
5 9 2
17 11 2
15 4 2
12 17 2
17 5 2
20 8 2
14 16 2
19 1 2
12 1 2
18 3 2
8 1 2
16 15 2
10 15 2
7 11 2
1 4 2
4 5 2
14 8 2
11 19 2
1 6 2
11 7 2
11 12 2
13 8 2
1 8 2
1 3 2
20 5 2
20 3 2
3 10 2
10 8 2
19 17 2
15 5 2
16 20 2
9 17 2
3 2 2
3 8 2
7 19 2
8 11 2
7 20 2
20 16 2
8 11 2
18 1 2
14 13 2
12 2 2
18 19 2
7 1 2
3 4 2
2 15 2
5 1 2
3 7 2
10 2 2
14 9 2
9 7 2