57 200 32
1 19
1 2
1 3
1 4
1 5
1 10
1 11
2 18
2 19
2 6
2 8
2 14
2 15
3 18
3 4
3 11
3 12
3 14
4 19
4 18
4 20
4 5
4 17
4 8
4 14
5 19
5 7
5 9
5 13
6 17
6 12
6 7
7 8
7 10
7 13
7 14
8 12
8 19
9 19
9 17
9 11
9 14
10 11
10 14
11 14
12 17
12 14
13 15
14 16
14 17
14 15
15 16
15 17
16 17
16 19
17 18
18 20
7 15 1
15 20 1
20 13 1
20 15 1
9 17 1
3 1 1
12 15 1
4 20 1
3 13 1
1 20 1
13 15 1
18 17 1
10 18 1
13 2 1
6 1 1
2 5 1
6 9 1
1 12 1
11 14 1
12 19 1
7 6 1
16 11 1
16 18 1
1 3 1
11 15 1
14 6 1
4 2 1
7 18 1
17 11 1
15 1 1
6 15 1
18 14 1
9 1 1
19 20 1
13 7 1
11 19 1
11 15 1
18 9 1
18 4 1
12 17 1
5 9 1
3 5 1
19 15 1
10 14 1
16 20 1
18 10 1
4 10 1
3 14 1
16 1 1
7 1 1
19 13 1
13 16 1
8 18 1
9 20 1
18 10 1
16 11 1
1 17 1
5 12 1
9 18 1
13 8 1
4 11 1
5 14 1
7 19 1
12 10 1
15 4 1
11 4 1
9 13 1
2 4 1
13 9 1
3 5 1
1 11 1
15 8 1
14 19 1
1 9 1
14 8 1
3 16 1
6 16 1
6 4 1
1 3 1
11 1 1
9 2 1
10 2 1
19 20 1
18 16 1
7 8 1
2 4 1
18 2 1
7 8 1
17 6 1
6 16 1
18 12 1
10 3 1
14 3 1
9 17 1
12 7 1
15 3 1
20 11 1
4 13 1
14 1 1
8 6 1
19 20 2
14 20 2
15 13 2
15 1 2
4 9 2
17 4 2
8 20 2
20 7 2
10 6 2
5 11 2
19 8 2
15 4 2
13 16 2
3 2 2
4 12 2
11 16 2
19 14 2
20 11 2
16 15 2
6 15 2
16 18 2
8 3 2
12 14 2
15 9 2
14 20 2
17 13 2
15 11 2
9 13 2
10 17 2
13 19 2
11 14 2
2 17 2
20 16 2
14 17 2
13 16 2
7 14 2
14 16 2
11 18 2
20 14 2
19 14 2
5 11 2
17 8 2
2 15 2
9 3 2
8 3 2
5 20 2
7 15 2
11 19 2
17 13 2
6 1 2
13 10 2
8 18 2
12 11 2
8 9 2
16 18 2
7 9 2
1 17 2
3 15 2
9 18 2
1 15 2
11 3 2
3 2 2
19 5 2
18 1 2
17 2 2
12 13 2
16 15 2
8 17 2
9 18 2
20 9 2
16 18 2
13 3 2
13 8 2
11 20 2
3 14 2
4 14 2
15 14 2
19 12 2
3 1 2
8 1 2
14 1 2
6 13 2
7 2 2
15 8 2
10 12 2
7 18 2
3 9 2
15 11 2
15 9 2
6 20 2
5 7 2
16 12 2
12 15 2
9 18 2
11 8 2
5 4 2
1 3 2
6 13 2
20 1 2
9 5 2