51 200 32
1 2
1 3
1 4
1 7
1 8
1 12
2 19
2 3
2 7
2 11
2 12
2 13
3 19
3 5
3 8
3 10
4 16
4 5
4 17
4 13
4 15
5 19
5 6
5 7
5 14
6 7
6 9
6 10
6 11
6 15
7 17
7 9
7 10
7 12
8 10
8 11
8 12
8 15
9 16
9 15
10 17
10 15
13 14
14 16
14 18
14 20
15 16
15 18
15 19
17 19
18 20
13 17 1
6 4 1
11 4 1
9 2 1
1 14 1
4 12 1
9 1 1
17 19 1
8 19 1
4 7 1
15 2 1
5 8 1
3 7 1
5 19 1
7 17 1
4 2 1
3 10 1
11 1 1
8 12 1
5 7 1
17 11 1
9 20 1
20 15 1
9 10 1
10 4 1
13 10 1
2 14 1
9 7 1
17 20 1
18 15 1
20 18 1
13 8 1
17 14 1
15 4 1
4 11 1
7 16 1
8 11 1
6 4 1
2 7 1
16 6 1
10 3 1
18 14 1
17 2 1
7 17 1
14 2 1
8 15 1
13 6 1
5 14 1
17 13 1
20 5 1
18 10 1
9 12 1
9 2 1
11 17 1
8 3 1
7 17 1
10 3 1
9 16 1
11 3 1
16 1 1
10 19 1
16 10 1
8 4 1
11 8 1
15 10 1
16 8 1
1 5 1
10 13 1
6 1 1
18 11 1
5 9 1
13 12 1
2 6 1
13 12 1
19 16 1
4 2 1
6 3 1
16 1 1
9 4 1
9 11 1
2 18 1
20 4 1
1 19 1
18 5 1
3 20 1
20 8 1
5 10 1
9 1 1
15 14 1
9 4 1
2 12 1
18 8 1
11 13 1
12 17 1
2 16 1
1 5 1
5 19 1
16 7 1
16 18 1
12 10 1
8 12 2
6 10 2
2 3 2
1 13 2
3 16 2
8 19 2
8 15 2
5 17 2
8 9 2
20 12 2
2 1 2
8 13 2
2 19 2
2 16 2
1 18 2
1 9 2
1 5 2
9 20 2
5 19 2
12 17 2
8 4 2
18 14 2
18 10 2
5 6 2
2 5 2
13 20 2
3 1 2
12 11 2
20 1 2
12 20 2
11 7 2
19 12 2
2 16 2
19 12 2
12 17 2
12 11 2
16 3 2
8 19 2
12 14 2
6 3 2
2 1 2
14 12 2
9 14 2
3 15 2
14 8 2
11 3 2
17 16 2
9 12 2
19 7 2
12 4 2
3 16 2
9 10 2
1 18 2
11 2 2
18 14 2
7 12 2
11 14 2
14 6 2
12 2 2
20 2 2
2 5 2
10 3 2
16 2 2
10 7 2
14 6 2
14 13 2
2 14 2
15 10 2
17 18 2
14 20 2
15 14 2
12 9 2
18 5 2
6 14 2
15 12 2
8 5 2
14 6 2
7 2 2
4 15 2
17 19 2
9 18 2
20 8 2
19 12 2
4 17 2
17 5 2
4 16 2
14 13 2
20 13 2
11 20 2
14 1 2
1 11 2
13 18 2
9 10 2
11 15 2
7 9 2
1 5 2
18 8 2
11 16 2
15 17 2
16 14 2