1 2
1 3
1 4
1 6
1 7
1 9
1 10
1 12
1 18
1 20
2 16
2 5
2 17
2 8
2 9
2 10
2 12
2 15
3 16
3 4
3 17
3 7
3 10
3 11
3 12
3 14
4 19
4 17
4 10
4 11
4 12
4 13
5 19
5 6
5 9
5 18
5 13
5 14
5 15
6 16
6 18
6 20
6 8
6 9
6 10
6 15
7 16
7 8
7 10
7 13
7 15
8 19
8 9
8 10
8 13
8 14
8 15
9 17
9 10
9 11
9 14
10 11
10 14
10 16
10 18
10 19
10 20
11 19
11 12
11 13
12 17
12 13
13 14
14 20
15 17
15 18
16 18
17 19
19 20


7 10 1
12 7 1
19 12 1
4 7 1
18 2 1
16 12 1
17 2 1
14 3 1
10 11 1
6 10 1
13 1 1
6 3 1
9 4 1
13 17 1
10 12 1
8 2 1
10 18 1
1 12 1
8 13 1
2 14 1
3 2 1
3 15 1
11 8 1
4 16 1
2 18 1
10 17 1
13 5 1
4 6 1
6 20 1
15 11 1
7 13 1
10 9 1
1 6 1
7 6 1
19 20 1
1 16 1
14 5 1
12 7 1
2 20 1
3 2 1
8 14 1
19 2 1
17 1 1
18 15 1
15 19 1
18 17 1
15 13 1
2 1 1
8 6 1
7 8 1
14 1 1
8 9 1
6 1 1
8 14 1
9 2 1
13 2 1
18 13 1
2 20 1
15 19 1
17 10 1
12 4 1
9 8 1
9 7 1
17 14 1
12 5 1
7 6 1
15 6 1
19 12 1
8 3 1
14 16 1
15 8 1
14 8 1
14 12 1
11 14 1
14 8 1
17 18 1
8 5 1
9 10 1
18 20 1
7 9 1
12 3 1
12 13 1
7 17 1
18 15 1
1 18 1
19 3 1
10 13 1
16 8 1
19 5 1
18 16 1
1 18 1
11 9 1
1 4 1
2 13 1
6 19 1
16 3 1
6 3 1
5 9 1
17 8 1
17 15 1
5 1 2
15 4 2
10 9 2
20 17 2
18 14 2
10 12 2
9 7 2
19 17 2
3 7 2
7 3 2
16 4 2
19 16 2
7 19 2
15 8 2
12 18 2
2 17 2
6 1 2
10 13 2
13 14 2
8 20 2
16 6 2
1 8 2
11 16 2
11 10 2
7 10 2
4 9 2
10 7 2
8 12 2
16 5 2
2 20 2
15 4 2
19 1 2
5 18 2
10 1 2
11 8 2
7 19 2
9 1 2
11 2 2
14 9 2
4 20 2
1 6 2
5 13 2
8 10 2
19 18 2
17 15 2
4 19 2
15 5 2
1 7 2
14 1 2
4 18 2
11 19 2
9 13 2
15 18 2
20 5 2
14 16 2
20 14 2
18 3 2
15 5 2
2 8 2
5 2 2
11 7 2
11 15 2
4 7 2
16 1 2
19 14 2
20 15 2
16 3 2
16 10 2
9 17 2
10 3 2
13 20 2
6 12 2
14 17 2
8 16 2
6 3 2
10 20 2
9 18 2
6 8 2
4 1 2
13 5 2
14 2 2
16 18 2
17 8 2
16 12 2
3 11 2
13 9 2
3 7 2
6 18 2
9 4 2
16 17 2
16 7 2
2 20 2
18 3 2
3 10 2
8 15 2
17 13 2
9 1 2
8 12 2
2 20 2
13 5 2