1 16
1 2
1 3
1 5
1 7
1 10
1 11
1 12
2 4
2 5
2 7
2 8
2 9
2 10
2 12
2 14
3 16
3 19
3 20
3 5
3 7
3 8
3 9
3 10
3 15
4 6
4 7
4 9
4 18
4 14
5 17
5 7
5 8
5 18
5 12
5 13
6 8
6 12
6 11
6 17
7 17
7 8
7 9
7 12
7 13
7 20
8 17
8 20
8 9
8 11
8 14
9 19
9 18
9 12
9 13
10 20
10 17
10 12
10 13
10 15
11 16
11 18
11 17
11 14
12 16
12 18
12 13
12 14
14 17
14 15
15 16
15 19
16 19
16 20


2 15 1
17 14 1
4 8 1
3 8 1
12 2 1
9 19 1
20 5 1
8 20 1
15 20 1
15 13 1
13 9 1
14 8 1
6 1 1
19 3 1
17 19 1
3 8 1
1 17 1
16 1 1
16 6 1
1 4 1
16 13 1
14 20 1
2 20 1
14 12 1
9 6 1
9 6 1
3 12 1
3 10 1
12 16 1
3 9 1
19 9 1
7 14 1
17 16 1
13 1 1
19 13 1
12 10 1
15 14 1
14 19 1
5 19 1
1 13 1
17 14 1
12 17 1
9 10 1
7 20 1
9 13 1
4 16 1
19 18 1
10 19 1
7 3 1
6 15 1
10 7 1
14 1 1
12 4 1
15 20 1
8 1 1
14 18 1
6 3 1
13 16 1
11 10 1
12 4 1
15 7 1
7 16 1
7 17 1
2 10 1
16 2 1
15 19 1
19 6 1
16 2 1
5 15 1
5 8 1
14 10 1
15 3 1
1 14 1
16 4 1
9 2 1
1 14 1
15 10 1
7 13 1
14 2 1
14 1 1
3 4 1
17 9 1
19 10 1
20 9 1
18 10 1
14 15 1
20 10 1
10 2 1
11 16 1
20 14 1
13 1 1
9 3 1
16 1 1
11 20 1
9 3 1
18 14 1
20 17 1
14 3 1
13 12 1
14 16 1
18 12 2
11 10 2
18 14 2
19 8 2
2 9 2
18 12 2
12 13 2
12 16 2
6 20 2
19 8 2
8 15 2
15 6 2
8 7 2
13 19 2
18 11 2
6 12 2
7 10 2
11 15 2
3 11 2
15 18 2
11 15 2
20 3 2
10 15 2
17 12 2
19 12 2
6 12 2
2 12 2
19 11 2
18 2 2
17 13 2
16 1 2
12 7 2
10 14 2
4 12 2
2 20 2
18 5 2
6 9 2
18 7 2
16 8 2
6 14 2
13 15 2
11 10 2
15 6 2
8 18 2
19 3 2
11 17 2
1 2 2
9 10 2
10 3 2
1 9 2
14 5 2
6 19 2
20 14 2
7 16 2
16 20 2
12 14 2
16 1 2
9 11 2
12 16 2
2 20 2
20 7 2
20 9 2
11 4 2
17 4 2
18 4 2
16 3 2
18 4 2
19 9 2
14 16 2
11 8 2
3 13 2
3 16 2
20 10 2
20 3 2
2 1 2
13 11 2
17 1 2
2 7 2
13 15 2
12 6 2
11 4 2
4 13 2
14 8 2
2 1 2
4 13 2
15 5 2
15 1 2
8 6 2
10 16 2
6 18 2
16 7 2
6 8 2
19 1 2
16 18 2
7 17 2
3 19 2
20 11 2
3 17 2
16 10 2
7 19 2