1 16
1 2
1 4
1 6
1 7
1 11
1 12
1 13
1 15
2 19
2 3
2 4
2 7
2 8
2 9
2 10
2 11
2 14
3 17
3 4
3 5
3 20
3 12
3 13
3 14
4 17
4 5
4 7
4 11
5 20
5 6
6 20
6 7
6 8
6 9
6 10
6 15
7 9
7 13
7 14
8 16
8 20
8 18
9 16
9 18
9 15
10 17
10 11
10 12
10 18
11 16
12 16
12 18
12 17
12 14
13 15
13 18
14 17
14 18
15 16
15 18
15 19
15 17
16 18
16 20
16 17
17 20


19 2 1
10 4 1
8 3 1
1 5 1
16 13 1
12 19 1
18 17 1
11 20 1
7 18 1
15 5 1
1 13 1
1 13 1
12 9 1
10 5 1
7 18 1
9 19 1
2 15 1
20 11 1
18 16 1
9 2 1
2 11 1
8 5 1
17 14 1
5 2 1
2 13 1
11 7 1
17 4 1
2 13 1
10 15 1
7 1 1
12 10 1
10 20 1
5 20 1
20 17 1
6 1 1
11 9 1
10 7 1
15 10 1
8 15 1
6 4 1
14 20 1
7 8 1
1 17 1
20 8 1
14 6 1
15 9 1
10 18 1
10 14 1
8 10 1
11 18 1
14 8 1
1 12 1
7 11 1
13 1 1
12 8 1
18 15 1
11 19 1
14 2 1
12 14 1
4 12 1
18 3 1
3 15 1
2 1 1
9 17 1
18 19 1
9 15 1
16 17 1
6 19 1
9 8 1
16 6 1
6 19 1
8 14 1
15 3 1
2 5 1
7 17 1
5 19 1
9 18 1
1 18 1
9 6 1
8 7 1
2 4 1
18 2 1
14 1 1
7 15 1
6 8 1
1 15 1
11 13 1
17 18 1
15 12 1
20 10 1
18 5 1
14 8 1
8 1 1
1 6 1
1 12 1
7 2 1
8 14 1
15 8 1
3 16 1
1 14 1
20 16 2
2 6 2
11 3 2
9 15 2
17 2 2
17 20 2
2 14 2
9 3 2
4 9 2
14 20 2
2 17 2
18 14 2
8 4 2
2 3 2
16 13 2
12 14 2
11 3 2
5 12 2
18 3 2
8 3 2
15 4 2
16 14 2
14 16 2
3 8 2
11 15 2
1 18 2
19 16 2
3 9 2
13 14 2
7 8 2
16 8 2
6 13 2
14 9 2
5 14 2
20 4 2
9 3 2
19 20 2
2 10 2
15 19 2
17 10 2
4 5 2
6 2 2
17 8 2
2 16 2
8 5 2
9 6 2
17 14 2
4 8 2
18 8 2
9 10 2
20 10 2
17 19 2
1 15 2
17 15 2
3 17 2
10 12 2
8 13 2
19 17 2
9 11 2
1 4 2
9 13 2
14 18 2
5 7 2
18 13 2
10 18 2
12 6 2
12 13 2
2 4 2
15 17 2
3 6 2
1 13 2
5 20 2
8 1 2
5 14 2
19 7 2
16 7 2
5 10 2
2 13 2
1 7 2
5 4 2
9 6 2
12 2 2
10 8 2
9 16 2
6 14 2
12 10 2
15 2 2
15 19 2
9 11 2
20 2 2
13 1 2
9 4 2
4 7 2
19 8 2
14 4 2
1 11 2
5 9 2
7 13 2
16 13 2
15 19 2