71 200 32
1 19
1 17
1 2
1 3
1 5
1 6
2 16
2 3
2 4
2 6
2 17
2 8
2 20
2 10
3 4
3 7
3 9
3 10
3 11
3 18
3 14
3 13
4 17
4 20
4 11
4 12
4 14
4 15
5 16
5 18
5 19
5 20
5 7
5 10
5 15
6 16
6 17
6 7
6 20
6 10
6 13
7 18
7 8
7 12
8 17
8 19
8 20
8 9
8 10
8 18
8 13
9 11
9 13
9 17
10 11
10 18
10 14
11 16
13 19
13 17
13 18
13 14
14 18
14 15
15 17
15 18
16 19
16 20
16 18
17 18
18 19
17 11 1
17 16 1
15 8 1
7 14 1
15 7 1
13 10 1
1 20 1
10 14 1
10 12 1
5 18 1
4 3 1
14 11 1
7 8 1
4 5 1
14 12 1
6 1 1
5 10 1
6 1 1
10 14 1
7 15 1
11 16 1
4 2 1
8 15 1
4 14 1
7 5 1
10 8 1
18 19 1
2 7 1
18 11 1
16 15 1
18 6 1
3 20 1
13 2 1
4 19 1
19 4 1
19 15 1
20 8 1
12 7 1
3 10 1
11 18 1
9 1 1
18 1 1
11 1 1
13 9 1
19 13 1
2 16 1
16 15 1
18 2 1
7 14 1
17 14 1
19 16 1
20 13 1
11 15 1
18 7 1
20 5 1
20 7 1
20 4 1
18 12 1
3 13 1
1 3 1
18 12 1
19 20 1
18 9 1
15 2 1
4 2 1
5 20 1
13 10 1
2 9 1
3 10 1
3 1 1
14 19 1
12 15 1
20 7 1
6 12 1
15 12 1
15 3 1
6 2 1
1 4 1
13 12 1
2 11 1
18 5 1
5 16 1
11 4 1
2 17 1
8 10 1
14 17 1
13 10 1
14 4 1
14 18 1
15 6 1
10 19 1
19 2 1
17 15 1
6 12 1
13 20 1
16 20 1
6 13 1
1 10 1
8 19 1
15 7 1
10 3 2
14 8 2
2 9 2
16 4 2
4 9 2
17 3 2
2 3 2
11 1 2
7 19 2
5 12 2
18 10 2
2 8 2
9 7 2
8 20 2
11 2 2
10 19 2
2 10 2
20 19 2
12 2 2
8 7 2
11 13 2
19 4 2
10 9 2
12 9 2
8 1 2
20 12 2
19 7 2
1 18 2
16 18 2
15 20 2
13 8 2
8 19 2
15 9 2
9 7 2
9 1 2
11 7 2
17 9 2
10 9 2
8 17 2
20 15 2
14 19 2
17 13 2
12 10 2
15 5 2
17 7 2
5 2 2
9 4 2
8 1 2
1 4 2
20 11 2
10 4 2
4 20 2
12 15 2
2 17 2
4 6 2
1 4 2
5 7 2
8 20 2
18 12 2
14 11 2
17 16 2
1 20 2
13 20 2
12 1 2
18 17 2
14 19 2
18 2 2
4 8 2
15 8 2
1 5 2
15 8 2
5 17 2
18 1 2
9 13 2
5 1 2
15 20 2
18 10 2
11 18 2
15 17 2
16 1 2
9 10 2
4 17 2
17 15 2
11 16 2
2 19 2
11 10 2
14 9 2
7 16 2
16 2 2
5 1 2
19 18 2
18 17 2
14 4 2
5 1 2
20 1 2
19 18 2
8 20 2
10 4 2
6 8 2
2 18 2