1 2
1 11
1 18
2 8
2 3
2 4
3 8
3 9
3 14
3 7
4 16
4 11
4 5
5 16
5 11
5 6
6 17
6 19
6 8
6 11
6 13
7 8
7 9
8 10
8 11
9 17
9 18
9 12
10 14
11 19
11 20
11 14
11 15
12 13
12 15
17 19
19 20


9 3 1
2 14 1
11 5 1
19 4 1
4 20 1
20 17 1
11 19 1
13 15 1
13 2 1
11 19 1
8 2 1
10 12 1
1 16 1
12 3 1
4 8 1
14 7 1
1 5 1
20 1 1
12 9 1
13 1 1
3 9 1
8 1 1
17 6 1
10 14 1
15 19 1
1 8 1
16 14 1
11 16 1
1 19 1
7 1 1
19 4 1
17 13 1
8 12 1
19 14 1
16 10 1
3 12 1
20 12 1
12 14 1
11 19 1
18 10 1
15 19 1
17 12 1
8 1 1
2 7 1
17 11 1
1 19 1
3 10 1
18 19 1
1 17 1
5 10 1
7 1 1
5 19 1
8 12 1
5 13 1
15 2 1
5 14 1
13 1 1
1 11 1
9 18 1
2 7 1
1 7 1
11 2 1
14 5 1
20 14 1
10 12 1
12 3 1
6 9 1
17 2 1
10 13 1
2 7 1
15 6 1
20 2 1
18 20 1
3 7 1
17 14 1
5 4 1
11 7 1
11 19 1
18 15 1
6 19 1
16 5 1
4 20 1
20 2 1
11 12 1
18 1 1
18 7 1
15 10 1
10 20 1
5 18 1
14 7 1
17 2 1
18 11 1
15 12 1
13 14 1
19 12 1
15 20 1
3 6 1
8 13 1
14 16 1
2 3 1
7 11 2
2 14 2
9 18 2
18 19 2
11 3 2
10 19 2
11 16 2
3 9 2
18 20 2
6 20 2
12 13 2
12 18 2
15 1 2
17 12 2
4 12 2
17 6 2
3 17 2
20 2 2
20 15 2
13 1 2
18 17 2
15 9 2
4 18 2
11 9 2
19 7 2
14 20 2
15 12 2
6 9 2
13 1 2
12 19 2
16 17 2
9 17 2
4 13 2
1 7 2
3 12 2
14 20 2
12 18 2
13 11 2
1 6 2
20 9 2
9 20 2
16 6 2
20 15 2
17 8 2
18 9 2
12 9 2
13 5 2
4 10 2
17 13 2
12 2 2
5 8 2
20 19 2
12 3 2
5 15 2
16 10 2
6 13 2
9 17 2
8 18 2
10 15 2
6 7 2
8 17 2
2 12 2
20 19 2
6 20 2
2 12 2
15 11 2
16 17 2
4 16 2
11 12 2
20 7 2
13 9 2
5 17 2
8 9 2
4 17 2
16 1 2
15 16 2
17 15 2
16 1 2
1 20 2
20 14 2
1 15 2
8 16 2
10 14 2
8 1 2
13 6 2
20 10 2
11 16 2
20 13 2
8 5 2
16 15 2
9 6 2
12 18 2
14 4 2
7 16 2
4 6 2
12 14 2
6 13 2
2 5 2
3 16 2
5 7 2