75 200 32
1 19
1 2
1 3
1 20
1 5
1 7
1 8
1 10
1 14
2 16
2 3
2 8
2 10
2 11
2 12
3 16
3 4
3 5
3 7
3 8
3 17
3 11
3 14
3 15
4 8
4 19
4 13
4 6
5 16
5 17
5 18
5 20
5 6
5 7
5 9
5 10
5 14
6 16
6 17
6 7
6 10
6 11
7 18
7 17
7 8
7 9
7 14
7 15
8 16
8 20
8 13
8 14
9 20
9 11
9 12
9 13
9 15
10 19
10 17
10 12
10 14
10 15
11 12
11 13
12 16
13 17
13 19
13 14
13 15
14 19
14 18
14 20
15 20
16 20
18 20
8 2 1
15 2 1
9 19 1
2 16 1
19 20 1
7 10 1
12 19 1
18 9 1
9 11 1
18 4 1
6 18 1
7 16 1
10 9 1
16 14 1
12 9 1
17 1 1
14 18 1
6 3 1
12 16 1
14 1 1
20 17 1
9 19 1
17 5 1
19 1 1
7 10 1
3 16 1
9 2 1
9 10 1
4 16 1
5 6 1
12 18 1
4 10 1
19 15 1
15 18 1
14 15 1
20 12 1
1 8 1
15 5 1
13 4 1
13 11 1
20 3 1
14 5 1
16 5 1
9 11 1
20 9 1
1 2 1
20 10 1
11 18 1
17 10 1
16 5 1
2 12 1
3 5 1
14 13 1
17 2 1
16 20 1
18 15 1
7 8 1
2 19 1
17 2 1
17 8 1
11 19 1
4 6 1
16 10 1
16 3 1
13 14 1
20 14 1
12 4 1
4 18 1
19 9 1
6 13 1
8 13 1
11 4 1
18 17 1
17 4 1
18 13 1
13 12 1
4 10 1
1 10 1
2 5 1
5 15 1
10 18 1
14 5 1
6 17 1
5 4 1
17 1 1
14 18 1
11 10 1
15 13 1
18 7 1
2 9 1
1 11 1
3 17 1
2 17 1
2 14 1
1 18 1
8 18 1
2 7 1
10 2 1
10 3 1
4 17 1
3 11 2
2 4 2
5 19 2
4 5 2
19 3 2
6 19 2
12 18 2
11 20 2
19 7 2
13 7 2
12 2 2
6 16 2
8 19 2
4 14 2
16 17 2
17 5 2
15 6 2
16 11 2
20 13 2
3 17 2
5 4 2
7 6 2
16 15 2
17 6 2
14 8 2
10 14 2
5 1 2
12 10 2
11 6 2
10 20 2
7 3 2
10 6 2
17 7 2
5 9 2
19 9 2
16 8 2
20 1 2
15 8 2
17 15 2
2 7 2
14 16 2
18 20 2
9 14 2
7 4 2
1 7 2
10 12 2
9 10 2
16 3 2
13 1 2
9 20 2
10 12 2
11 13 2
11 2 2
12 18 2
2 7 2
7 12 2
16 10 2
1 4 2
19 2 2
8 7 2
14 12 2
7 2 2
14 16 2
17 6 2
1 15 2
3 17 2
14 19 2
8 10 2
8 13 2
17 5 2
12 18 2
18 9 2
8 2 2
2 11 2
10 13 2
17 15 2
10 1 2
11 9 2
18 4 2
13 17 2
5 18 2
5 11 2
19 20 2
3 1 2
6 19 2
14 3 2
4 10 2
10 7 2
15 2 2
15 12 2
3 19 2
1 8 2
16 9 2
8 2 2
18 12 2
12 15 2
17 6 2
18 5 2
1 17 2
5 19 2