60 200 32
1 17
1 2
1 20
1 6
1 7
1 8
1 9
1 10
1 13
1 15
2 10
2 3
2 6
2 9
3 4
3 5
3 7
3 9
3 14
4 19
4 17
4 6
4 7
4 10
4 12
5 16
5 19
5 20
5 9
5 11
6 20
6 10
6 11
6 12
6 13
6 14
6 15
7 19
7 8
7 20
8 16
8 20
8 10
8 11
8 12
8 13
9 19
9 15
10 19
11 19
11 13
12 18
12 19
12 15
13 15
14 18
14 20
15 17
16 19
19 20
15 2 1
14 5 1
16 5 1
20 9 1
17 7 1
15 4 1
17 7 1
13 20 1
1 18 1
2 9 1
20 4 1
14 7 1
14 20 1
8 19 1
6 17 1
4 19 1
3 15 1
2 14 1
6 16 1
5 16 1
11 7 1
5 20 1
7 1 1
2 8 1
20 18 1
4 1 1
3 14 1
3 8 1
4 2 1
10 18 1
4 6 1
20 7 1
17 11 1
9 20 1
14 5 1
4 20 1
17 19 1
20 18 1
6 16 1
17 6 1
8 19 1
6 17 1
16 7 1
15 17 1
12 20 1
2 4 1
19 13 1
5 11 1
17 6 1
2 17 1
4 12 1
13 2 1
11 7 1
10 20 1
19 7 1
13 1 1
4 1 1
1 9 1
1 20 1
14 10 1
6 7 1
19 16 1
3 19 1
7 6 1
9 2 1
4 8 1
14 4 1
15 9 1
20 6 1
4 9 1
3 11 1
5 9 1
11 9 1
15 11 1
1 10 1
20 5 1
6 1 1
4 17 1
12 13 1
10 1 1
9 12 1
19 7 1
2 14 1
8 17 1
20 15 1
19 5 1
15 3 1
6 1 1
7 15 1
2 10 1
8 15 1
2 5 1
15 4 1
18 17 1
15 7 1
5 12 1
14 12 1
17 12 1
12 14 1
10 14 1
19 8 2
8 19 2
15 16 2
13 3 2
18 10 2
2 6 2
11 3 2
14 7 2
19 6 2
7 16 2
11 20 2
14 17 2
13 14 2
9 20 2
20 8 2
3 1 2
3 14 2
7 14 2
18 7 2
3 15 2
20 8 2
14 3 2
15 16 2
20 13 2
1 3 2
4 5 2
1 7 2
8 9 2
11 5 2
3 11 2
17 7 2
4 8 2
8 14 2
1 8 2
7 16 2
5 19 2
9 12 2
20 10 2
6 10 2
4 12 2
14 7 2
7 19 2
2 14 2
20 3 2
16 19 2
13 7 2
7 11 2
16 10 2
16 2 2
11 1 2
15 3 2
19 11 2
12 20 2
12 5 2
13 4 2
6 18 2
11 5 2
12 13 2
13 6 2
2 16 2
18 2 2
8 4 2
7 19 2
16 9 2
20 12 2
18 9 2
20 1 2
12 14 2
2 13 2
13 2 2
1 5 2
3 1 2
15 10 2
10 6 2
11 16 2
15 7 2
17 1 2
6 13 2
18 6 2
1 17 2
18 11 2
11 12 2
18 13 2
1 17 2
19 18 2
14 20 2
2 15 2
3 16 2
9 4 2
9 19 2
8 10 2
4 13 2
20 13 2
17 7 2
14 17 2
14 15 2
11 13 2
11 5 2
2 20 2
8 17 2