1 2
1 3
1 4
1 9
1 11
1 18
2 8
2 15
2 12
2 7
3 5
3 6
3 11
3 13
3 14
4 10
4 11
4 12
4 5
5 8
5 19
5 11
6 18
7 9
7 13
7 14
7 15
9 14
10 11
10 14
12 17
13 17
13 18
14 16
15 17
16 20


17 8 1
4 16 1
6 2 1
2 15 1
3 20 1
8 12 1
15 8 1
14 10 1
1 3 1
9 7 1
13 5 1
5 2 1
15 17 1
1 19 1
16 5 1
3 10 1
19 3 1
6 3 1
19 12 1
10 2 1
16 18 1
10 8 1
16 6 1
20 17 1
18 20 1
4 7 1
17 1 1
19 1 1
2 10 1
17 11 1
8 15 1
1 12 1
16 13 1
3 11 1
5 13 1
12 14 1
4 14 1
5 6 1
18 16 1
20 3 1
12 1 1
3 15 1
16 3 1
1 20 1
7 5 1
19 5 1
8 19 1
18 7 1
4 14 1
20 4 1
20 18 1
13 18 1
1 6 1
17 16 1
13 8 1
5 17 1
1 5 1
12 11 1
4 17 1
1 15 1
7 17 1
19 13 1
5 9 1
19 4 1
3 9 1
15 19 1
20 10 1
16 12 1
2 13 1
6 17 1
7 20 1
13 12 1
7 20 1
10 7 1
8 5 1
8 17 1
9 16 1
3 11 1
3 6 1
9 5 1
7 12 1
14 15 1
1 15 1
15 6 1
13 6 1
3 11 1
16 19 1
4 7 1
13 20 1
6 2 1
13 20 1
4 16 1
8 20 1
18 14 1
18 5 1
6 11 1
12 17 1
13 8 1
15 2 1
1 4 1
10 13 2
20 5 2
8 17 2
6 15 2
16 19 2
15 19 2
5 17 2
6 5 2
9 7 2
2 20 2
4 12 2
10 6 2
13 18 2
11 10 2
19 9 2
12 10 2
12 2 2
14 10 2
2 3 2
3 16 2
17 8 2
15 16 2
5 13 2
15 10 2
10 2 2
18 3 2
8 16 2
7 6 2
1 2 2
4 9 2
2 1 2
19 18 2
16 14 2
13 6 2
9 4 2
13 8 2
9 3 2
1 20 2
9 7 2
19 5 2
7 5 2
4 18 2
3 14 2
20 19 2
9 7 2
4 1 2
18 20 2
9 1 2
19 15 2
6 19 2
5 16 2
3 12 2
12 8 2
12 19 2
5 18 2
10 1 2
15 14 2
12 16 2
8 9 2
19 13 2
14 10 2
16 10 2
17 9 2
4 7 2
19 1 2
9 4 2
13 20 2
12 2 2
9 12 2
11 14 2
14 7 2
18 7 2
2 16 2
11 9 2
10 18 2
6 15 2
14 19 2
10 5 2
13 2 2
18 17 2
5 15 2
16 17 2
15 5 2
16 13 2
19 5 2
5 4 2
20 8 2
5 7 2
5 15 2
1 10 2
3 7 2
2 12 2
20 5 2
16 11 2
7 13 2
16 3 2
18 5 2
16 3 2
17 6 2
16 9 2