31 200 32
1 2
1 4
2 3
3 8
3 18
3 6
4 5
5 12
5 7
6 8
6 9
6 20
6 13
7 17
7 14
8 18
8 9
8 11
8 15
9 17
9 10
9 19
10 14
11 13
12 13
13 18
14 19
15 16
15 18
17 18
17 20
4 3 1
4 12 1
7 14 1
7 11 1
19 12 1
16 1 1
4 16 1
3 9 1
15 4 1
11 3 1
3 11 1
11 2 1
5 3 1
19 3 1
10 17 1
4 18 1
14 11 1
13 15 1
16 13 1
20 7 1
14 13 1
5 10 1
19 3 1
3 2 1
7 16 1
16 13 1
11 10 1
5 16 1
17 20 1
3 7 1
10 5 1
13 1 1
8 18 1
7 20 1
3 17 1
7 1 1
14 4 1
3 2 1
4 17 1
11 2 1
17 4 1
15 14 1
19 20 1
5 16 1
12 13 1
18 4 1
17 4 1
6 17 1
20 2 1
5 15 1
20 19 1
15 3 1
20 4 1
16 2 1
19 11 1
6 2 1
8 13 1
13 8 1
9 14 1
11 2 1
18 6 1
12 6 1
16 6 1
6 10 1
7 20 1
9 8 1
2 13 1
15 11 1
17 14 1
14 3 1
16 5 1
1 15 1
17 6 1
20 13 1
6 16 1
15 12 1
3 18 1
2 3 1
19 8 1
20 3 1
14 6 1
5 7 1
3 4 1
20 10 1
10 15 1
11 6 1
17 18 1
3 13 1
11 17 1
4 2 1
12 15 1
17 4 1
2 19 1
17 13 1
12 3 1
13 11 1
19 9 1
6 3 1
15 17 1
7 8 1
8 7 2
2 7 2
18 3 2
3 7 2
12 13 2
1 18 2
4 8 2
3 18 2
4 12 2
20 14 2
2 20 2
14 5 2
8 19 2
4 8 2
3 7 2
6 19 2
3 12 2
14 7 2
5 18 2
4 3 2
18 3 2
10 18 2
10 17 2
12 5 2
15 19 2
7 5 2
20 14 2
9 11 2
11 7 2
16 19 2
9 14 2
14 19 2
18 17 2
6 19 2
15 20 2
18 11 2
7 20 2
5 17 2
5 11 2
7 8 2
12 4 2
9 19 2
7 15 2
12 13 2
18 4 2
5 20 2
2 6 2
12 14 2
19 15 2
4 19 2
17 13 2
9 11 2
14 19 2
6 13 2
20 15 2
9 2 2
5 18 2
19 8 2
3 12 2
12 13 2
11 10 2
6 13 2
16 1 2
10 5 2
15 6 2
10 4 2
11 4 2
12 4 2
7 4 2
16 11 2
9 5 2
13 7 2
10 8 2
17 3 2
4 1 2
14 13 2
10 12 2
20 17 2
8 14 2
14 13 2
11 9 2
12 15 2
11 7 2
2 4 2
12 19 2
12 20 2
17 5 2
14 15 2
19 11 2
10 17 2
6 9 2
5 20 2
9 17 2
13 8 2
6 3 2
14 6 2
15 1 2
19 14 2
15 2 2
8 11 2