1 2
1 3
1 6
2 8
2 4
2 5
2 9
3 17
3 5
3 7
3 11
3 15
4 7
4 8
4 9
4 10
4 15
5 8
5 11
5 20
6 10
6 7
7 18
7 9
7 12
8 18
8 15
9 16
9 17
9 10
9 14
10 15
11 16
11 17
11 18
11 20
11 13
12 20
13 16
16 20
17 19
18 19


7 9 1
7 16 1
20 7 1
16 11 1
8 14 1
8 18 1
7 13 1
1 19 1
1 10 1
14 11 1
6 4 1
12 17 1
10 1 1
19 1 1
4 2 1
6 1 1
17 12 1
13 17 1
18 9 1
11 3 1
17 6 1
1 16 1
16 17 1
20 4 1
14 13 1
3 7 1
5 8 1
11 3 1
17 12 1
13 10 1
6 11 1
19 14 1
8 12 1
16 14 1
2 17 1
18 20 1
5 17 1
2 18 1
12 9 1
8 3 1
18 2 1
16 18 1
14 19 1
3 15 1
12 13 1
5 13 1
11 17 1
2 4 1
9 20 1
9 18 1
19 6 1
8 19 1
17 10 1
9 12 1
6 2 1
7 13 1
20 9 1
12 15 1
17 11 1
2 3 1
11 14 1
6 10 1
6 14 1
15 8 1
9 10 1
8 20 1
7 13 1
8 10 1
14 18 1
13 18 1
11 13 1
11 3 1
8 15 1
10 3 1
11 12 1
5 9 1
4 16 1
9 17 1
14 9 1
17 10 1
2 9 1
11 15 1
7 19 1
12 1 1
10 5 1
4 10 1
13 15 1
8 12 1
1 16 1
16 2 1
10 4 1
16 5 1
4 17 1
16 10 1
13 17 1
3 1 1
20 8 1
7 12 1
4 2 1
6 8 1
8 9 2
20 5 2
20 1 2
3 9 2
20 6 2
3 14 2
5 7 2
18 13 2
17 13 2
7 17 2
16 7 2
14 11 2
17 1 2
6 14 2
10 11 2
3 18 2
18 19 2
9 13 2
8 16 2
16 20 2
5 7 2
16 10 2
1 15 2
15 20 2
3 16 2
6 7 2
16 5 2
8 18 2
15 1 2
16 9 2
9 10 2
7 3 2
9 6 2
10 2 2
18 5 2
16 9 2
1 15 2
18 19 2
5 9 2
5 16 2
9 10 2
2 3 2
12 5 2
7 5 2
16 3 2
18 13 2
2 12 2
14 15 2
14 3 2
14 12 2
20 8 2
11 5 2
4 2 2
8 16 2
9 4 2
6 15 2
5 2 2
2 5 2
12 10 2
5 16 2
20 4 2
12 6 2
16 1 2
10 12 2
5 3 2
10 2 2
20 1 2
2 4 2
15 7 2
5 11 2
20 1 2
11 17 2
12 20 2
18 10 2
13 6 2
9 11 2
7 17 2
4 5 2
7 3 2
18 8 2
13 10 2
1 14 2
17 9 2
19 18 2
7 2 2
2 4 2
9 3 2
16 11 2
11 7 2
5 14 2
7 19 2
20 17 2
13 17 2
2 17 2
18 10 2
3 12 2
5 6 2
20 5 2
6 10 2
7 3 2